0.4375 0.5625 0.5625 0.5 0.5625 0.5 0.5625 0.625 0.25 0.625 0.5 0.625 0.625 0.5 0.5 0.5 0.5 0.5 0.5 0.625 0.625 0.5 0.75 0.5 0.4375 0.5625 0.5625 0.625 0.5625 0.5 0.5 0.5 0.5390625
0.625 0.9375 0.125 0.75 0 0.75 0 0.75 0.5 0.75 1 0.875 0.625 0.375 0.375 0.375 0.375 0.375 0.375 0.375 0.375 0.375 0.375 0.375 0.625 0.875 0.9375 0.75 0.5 0.375 0.375 0.375 0.4921875
0.625 0.625 0.1875 0.625 0.3125 0.375 0.8125 0.5 0.5 0.75 0.625 0.625 0.625 0.375 0.375 0.25 0.375 0.375 0.375 0.25 0.25 0.375 1 1 0.625 0.6875 0.625 0.625 0.5 0.375 0.3125 0.3125 0.5078125
0.625 0.5625 0.0625 0.625 0.0625 0.625 0.6875 0.6875 0.25 0.75 0.75 0.625 0.25 0.25 0.375 0.5 0.5 0.375 0.25 0.25 0.5 0.75 0.875 0.625 0.5 0.75 0.6875 0.4375 0.25 0.3125 0.4375 0.5 0.4921875
0.125 0.75 0.375 0.5 0.6875 0.75 0.25 0.625 0.375 0.375 0.5 0.5 0.375 0.5 0.375 0.5 0.375 0.5 1 1 1 0.25 0.25 0.25 0.375 0.4375 0.5 0.4375 0.4375 0.4375 0.4375 0.4375 0.5078125
0.75 0.375 0.75 0.5 0.1875 0.5625 0.625 0.625 0.875 0.875 0.25 0.25 0.25 0.375 0.875 1 0.75 0.25 0.25 0.25 0.5 0.75 0.75 0.5 0.875 0.5625 0.25 0.25 0.3125 0.625 0.9375 0.875 0.546875
0.4375 0.625 0.75 0.3125 0.625 0.5625 0.625 0.625 0.375 0.625 0.625 0.5 0.375 0.25 0.625 0.875 0.75 0.625 0.5 0.5 0.625 0.625 0.75 0.5 0.5 0.625 0.5625 0.4375 0.3125 0.4375 0.75 0.8125 0.5703125
0.5 0.8125 0 0.625 0.125 0.4375 0.375 0.1875 1 1 0.25 0.375 0.375 0.25 0.25 0.375 0.25 0.25 0.375 0.25 0.25 0.25 0.375 0.25 1 0.625 0.3125 0.375 0.3125 0.25 0.3125 0.3125 0.3828125
0.5625 0.625 0.5625 0.5 0.625 0.625 0.625 0.625 0.375 0.75 0.625 0.625 0.5 0.625 0.5 0.5 0.75 0.625 0.625 0.5 0.5 0.75 0.75 0.5 0.5625 0.6875 0.625 0.5625 0.5625 0.5625 0.5 0.625 0.59375
0.625 0.625 0.625 0.5625 0.3125 0.6875 0.6875 0.625 0.5 0.75 0.625 0.625 0.5 0.5 0.625 0.75 0.875 0.625 0.25 0.25 0.625 0.75 0.75 0.5 0.625 0.6875 0.625 0.5625 0.5 0.5625 0.6875 0.8125 0.59375
